264,317
